9097
9504
9852
8083
8507
8804
7273
7277
7301
9006
9162
9199
9546
9572
9631
9661
9771
9801
9931
9934
9939
9955
9973
8002
8084
8292
8294
8521
8757
8809
8969
7033
7070
7091
7250
7319
7463
7543
7739
7762
7763
7632
7258
7462
7541
7700
7781
7295
7321
7368
9128
9135
9507
9525
9576
9708
8227
8228
8229
8578
8579
8651
8873
7079
7254
7255
7256
7257
7322
7323
7324
7352
7370
7491
7493
7494
7562
7563
7564
7654
8581
7371
6209
7371
6209
9097
9504
9852
8083
8507
8804
7273
7277
7301
9304
9308
9334
9386
7488
9608
9693
9798
9835
9905
8102
8252
7061
7677
7004
7903
6200
6201
6202
6000
7979
7991
8210
8789
6204
6203
6205
6206
6207
7992
8709
8340
9060
9122
9155
8434
7050
7870
8271
8409
8538
8539
8540
8863
9065
9534
9570
9709
8051
8298
8404
8405
8406
8407
8674
8676
8677
8678
8877
7280
7281
7282
7283
7349
7360
7361
7362
7544
7545
7546
7547
7549
7631
7808

